<!--

                 CREATOR: SHREYA
    •The melted chocolate is made of SVG from
                  *getwaves.io*
             •Everything, Pure CSS!
              •Hope you loved it~!

-->

<!DOCTYPE html>
<html>
    <head>
    
         <title>Do u like cakeeeee?</title>
        
<meta charset="UTF-8" /> <meta name="viewport" content="width=device-width, initial-scale=1.0" />        
        
    </head>
    <body>
        
<div class="salver"></div>

<div class="cake1"> </div>
<svg class="cake1-cream"
xmlns="http://www.w3.org/2000/svg" 
viewBox="0 0 1440 320">
<path fill="#281b0d" 
fill-opacity="1" d="M0,32L6.2,37.3C12.3,43,25,53,37,80C49.2,107,62,149,74,149.3C86.2,149,98,107,111,90.7C123.1,75,135,85,148,112C160,139,172,181,185,186.7C196.9,192,209,160,222,165.3C233.8,171,246,213,258,197.3C270.8,181,283,107,295,85.3C307.7,64,320,96,332,133.3C344.6,171,357,213,369,240C381.5,267,394,277,406,266.7C418.5,256,431,224,443,197.3C455.4,171,468,149,480,144C492.3,139,505,149,517,154.7C529.2,160,542,160,554,138.7C566.2,117,578,75,591,74.7C603.1,75,615,117,628,122.7C640,128,652,96,665,117.3C676.9,139,689,213,702,208C713.8,203,726,117,738,112C750.8,107,763,181,775,197.3C787.7,213,800,171,812,154.7C824.6,139,837,149,849,160C861.5,171,874,181,886,154.7C898.5,128,911,64,923,37.3C935.4,11,948,21,960,69.3C972.3,117,985,203,997,213.3C1009.2,224,1022,160,1034,138.7C1046.2,117,1058,139,1071,149.3C1083.1,160,1095,160,1108,176C1120,192,1132,224,1145,202.7C1156.9,181,1169,107,1182,80C1193.8,53,1206,75,1218,122.7C1230.8,171,1243,245,1255,256C1267.7,267,1280,213,1292,202.7C1304.6,192,1317,224,1329,208C1341.5,192,1354,128,1366,122.7C1378.5,117,1391,171,1403,170.7C1415.4,171,1428,117,1434,90.7L1440,64L1440,0L1433.8,0C1427.7,0,1415,0,1403,0C1390.8,0,1378,0,1366,0C1353.8,0,1342,0,1329,0C1316.9,0,1305,0,1292,0C1280,0,1268,0,1255,0C1243.1,0,1231,0,1218,0C1206.2,0,1194,0,1182,0C1169.2,0,1157,0,1145,0C1132.3,0,1120,0,1108,0C1095.4,0,1083,0,1071,0C1058.5,0,1046,0,1034,0C1021.5,0,1009,0,997,0C984.6,0,972,0,960,0C947.7,0,935,0,923,0C910.8,0,898,0,886,0C873.8,0,862,0,849,0C836.9,0,825,0,812,0C800,0,788,0,775,0C763.1,0,751,0,738,0C726.2,0,714,0,702,0C689.2,0,677,0,665,0C652.3,0,640,0,628,0C615.4,0,603,0,591,0C578.5,0,566,0,554,0C541.5,0,529,0,517,0C504.6,0,492,0,480,0C467.7,0,455,0,443,0C430.8,0,418,0,406,0C393.8,0,382,0,369,0C356.9,0,345,0,332,0C320,0,308,0,295,0C283.1,0,271,0,258,0C246.2,0,234,0,222,0C209.2,0,197,0,185,0C172.3,0,160,0,148,0C135.4,0,123,0,111,0C98.5,0,86,0,74,0C61.5,0,49,0,37,0C24.6,0,12,0,6,0L0,0Z"></path></svg>

<div class="cake2">
<div class="bow2"></div> </div>
<svg class="cake2-cream"
xmlns="http://www.w3.org/2000/svg" 
viewBox="0 0 1440 320">
<path fill="#281b0d" 
fill-opacity="1" d="M0,64L14.1,101.3C28.2,139,56,213,85,213.3C112.9,213,141,139,169,117.3C197.6,96,226,128,254,154.7C282.4,181,311,203,339,181.3C367.1,160,395,96,424,64C451.8,32,480,32,508,64C536.5,96,565,160,593,170.7C621.2,181,649,139,678,133.3C705.9,128,734,160,762,192C790.6,224,819,256,847,250.7C875.3,245,904,203,932,165.3C960,128,988,96,1016,80C1044.7,64,1073,64,1101,90.7C1129.4,117,1158,171,1186,192C1214.1,213,1242,203,1271,213.3C1298.8,224,1327,256,1355,229.3C1383.5,203,1412,117,1426,74.7L1440,32L1440,0L1425.9,0C1411.8,0,1384,0,1355,0C1327.1,0,1299,0,1271,0C1242.4,0,1214,0,1186,0C1157.6,0,1129,0,1101,0C1072.9,0,1045,0,1016,0C988.2,0,960,0,932,0C903.5,0,875,0,847,0C818.8,0,791,0,762,0C734.1,0,706,0,678,0C649.4,0,621,0,593,0C564.7,0,536,0,508,0C480,0,452,0,424,0C395.3,0,367,0,339,0C310.6,0,282,0,254,0C225.9,0,198,0,169,0C141.2,0,113,0,85,0C56.5,0,28,0,14,0L0,0Z"></path></svg>

<div class="cake3"></div>
<svg class="cake3-cream"
xmlns="http://www.w3.org/2000/svg" 
viewBox="0 0 1440 320">
<path fill="#281b0d" 
fill-opacity="1" d="M0,96L14.1,96C28.2,96,56,96,85,112C112.9,128,141,160,169,154.7C197.6,149,226,107,254,74.7C282.4,43,311,21,339,32C367.1,43,395,85,424,117.3C451.8,149,480,171,508,160C536.5,149,565,107,593,112C621.2,117,649,171,678,197.3C705.9,224,734,224,762,202.7C790.6,181,819,139,847,149.3C875.3,160,904,224,932,229.3C960,235,988,181,1016,170.7C1044.7,160,1073,192,1101,176C1129.4,160,1158,96,1186,96C1214.1,96,1242,160,1271,154.7C1298.8,149,1327,75,1355,42.7C1383.5,11,1412,21,1426,26.7L1440,32L1440,0L1425.9,0C1411.8,0,1384,0,1355,0C1327.1,0,1299,0,1271,0C1242.4,0,1214,0,1186,0C1157.6,0,1129,0,1101,0C1072.9,0,1045,0,1016,0C988.2,0,960,0,932,0C903.5,0,875,0,847,0C818.8,0,791,0,762,0C734.1,0,706,0,678,0C649.4,0,621,0,593,0C564.7,0,536,0,508,0C480,0,452,0,424,0C395.3,0,367,0,339,0C310.6,0,282,0,254,0C225.9,0,198,0,169,0C141.2,0,113,0,85,0C56.5,0,28,0,14,0L0,0Z"></path></svg>

<div class="cherry"></div>
<div class="box"></div>
<div class="strawberry"></div>

    </body>
                                                                                                                                                                                                                                                                                                                                                                                                                                                                                                                                                                                                                                                                                                                                                                                                                                                                                                                 </html>
